100	3	16	3
1	1	1	1	1	3680	31130	6688	4080	124519	-1
0	job0	1	100	20	20	28	0	49
0	job1	1	100	20	20	28	0	101
0	job2	1	100	20	20	28	0	122
0	job3	1	100	20	20	28	0	197
0	job4	1	100	20	20	28	0	208
0	job5	1	100	20	20	28	0	349
0	job6	1	100	20	20	28	0	373
0	job7	1	100	20	20	28	0	379
0	job8	1	100	20	20	28	0	463
0	job9	1	100	20	20	28	0	487
0	job10	1	100	20	20	28	0	497
0	job11	1	100	20	20	28	0	609
0	job12	1	100	20	20	28	0	666
0	job13	1	100	20	20	28	0	698
0	job14	1	100	20	20	28	0	724
0	job15	1	100	20	20	28	0	930
0	job16	1	100	20	20	28	0	1112
0	job17	1	100	20	20	28	0	1128
0	job18	1	100	20	20	28	0	1180
0	job19	1	100	20	20	28	0	1185
0	job20	1	100	20	20	28	0	1187
0	job21	1	100	20	20	28	0	1214
0	job22	1	100	20	20	28	0	1234
0	job23	1	100	20	20	28	0	1262
0	job24	1	100	20	20	28	0	1285
0	job25	1	100	20	20	28	0	1420
0	job26	1	100	20	20	28	0	1453
0	job27	1	100	20	20	28	0	1496
0	job28	1	100	20	20	28	0	1525
0	job29	1	100	20	20	28	0	1665
0	job30	1	100	20	20	28	0	1669
0	job31	1	100	20	20	28	0	1700
0	job32	1	100	20	20	28	0	1725
0	job33	1	100	20	20	28	0	1746
0	job34	1	100	20	20	28	0	1856
5	job35	1	100	28	28	40	66760	1974
0	job36	1	100	20	20	28	0	1975
0	job37	1	100	20	20	28	0	1975
0	job38	1	100	20	20	28	0	1976
0	job39	1	100	20	20	28	0	1977
0	job40	1	100	20	20	28	0	1981
0	job41	1	100	20	20	28	0	2181
0	job42	1	100	20	20	28	0	2228
1	job43	1	100	6079	6079	8753	0	2281
0	job44	1	100	20	20	28	0	2323
0	job45	1	100	20	20	28	0	2647
0	job46	1	100	20	20	28	0	2684
0	job47	1	100	20	20	28	0	2752
0	job48	1	100	20	20	28	0	2793
0	job49	1	100	20	20	28	0	2826
0	job50	1	100	20	20	28	0	2856
0	job51	1	100	20	20	28	0	2863
0	job52	1	100	20	20	28	0	2872
0	job53	1	100	20	20	28	0	2876
0	job54	1	100	20	20	28	0	2877
0	job55	1	100	20	20	28	0	2877
0	job56	1	100	20	20	28	0	2878
1	job57	1	100	6079	6079	8753	0	2879
0	job58	1	100	20	20	28	0	2924
1	job59	1	100	6079	6079	8753	0	2928
0	job60	1	100	20	20	28	0	2977
0	job61	1	100	20	20	28	0	3054
0	job62	1	100	20	20	28	0	3092
0	job63	1	100	20	20	28	0	3137
0	job64	1	100	20	20	28	0	3171
5	job65	1	100	28	28	40	66760	3174
0	job66	1	100	20	20	28	0	3213
0	job67	1	100	20	20	28	0	3263
0	job68	1	100	20	20	28	0	3316
0	job69	1	100	20	20	28	0	3352
0	job70	1	100	20	20	28	0	3392
0	job71	1	100	20	20	28	0	3418
0	job72	1	100	20	20	28	0	3450
0	job73	1	100	20	20	28	0	3475
1	job74	1	100	6079	6079	8753	0	3476
0	job75	1	100	20	20	28	0	3520
0	job76	1	100	20	20	28	0	3570
0	job77	1	100	20	20	28	0	3571
0	job78	1	100	20	20	28	0	3601
0	job79	1	100	20	20	28	0	3630
0	job80	1	100	20	20	28	0	3646
0	job81	1	100	20	20	28	0	3678
0	job82	1	100	20	20	28	0	3719
0	job83	1	100	20	20	28	0	3747
0	job84	1	100	20	20	28	0	3759
1	job85	1	100	6079	6079	8753	0	3813
0	job86	1	100	20	20	28	0	3860
0	job87	1	100	20	20	28	0	3860
0	job88	1	100	20	20	28	0	3868
0	job89	1	100	20	20	28	0	3873
0	job90	1	100	20	20	28	0	3889
0	job91	1	100	20	20	28	0	3904
0	job92	1	100	20	20	28	0	3958
0	job93	1	100	20	20	28	0	4006
0	job94	1	100	20	20	28	0	4046
0	job95	1	100	20	20	28	0	4102
0	job96	1	100	20	20	28	0	4139
0	job97	1	100	20	20	28	0	4146
0	job98	1	100	20	20	28	0	4160
0	job99	1	100	20	20	28	0	4160
0	job100	1	100	20	20	28	0	4161
0	job101	1	100	20	20	28	0	4163
0	job102	1	100	20	20	28	0	4179
0	job103	1	100	20	20	28	0	4191
0	job104	1	100	20	20	28	0	4205
0	job105	1	100	20	20	28	0	4224
0	job106	1	100	20	20	28	0	4247
0	job107	1	100	20	20	28	0	4271
0	job108	1	100	20	20	28	0	4281
0	job109	1	100	20	20	28	0	4309
0	job110	1	100	20	20	28	0	4317
0	job111	1	100	20	20	28	0	4361
0	job112	1	100	20	20	28	0	4375
0	job113	1	100	20	20	28	0	4456
0	job114	1	100	20	20	28	0	4469
0	job115	1	100	20	20	28	0	4504
0	job116	1	100	20	20	28	0	4504
0	job117	1	100	20	20	28	0	4517
0	job118	1	100	20	20	28	0	4576
0	job119	1	100	20	20	28	0	4610
0	job120	1	100	20	20	28	0	4632
0	job121	1	100	20	20	28	0	4644
0	job122	1	100	20	20	28	0	4654
0	job123	1	100	20	20	28	0	4680
0	job124	1	100	20	20	28	0	4711
0	job125	1	100	20	20	28	0	4747
0	job126	1	100	20	20	28	0	4764
0	job127	1	100	20	20	28	0	4766
0	job128	1	100	20	20	28	0	4783
0	job129	1	100	20	20	28	0	4793
0	job130	1	100	20	20	28	0	4807
1	job131	1	100	6079	6079	8753	0	4831
0	job132	1	100	20	20	28	0	4832
0	job133	1	100	20	20	28	0	4912
0	job134	1	100	20	20	28	0	4927
0	job135	1	100	20	20	28	0	4941
0	job136	1	100	20	20	28	0	4990
0	job137	1	100	20	20	28	0	4997
0	job138	1	100	20	20	28	0	5023
0	job139	1	100	20	20	28	0	5054
0	job140	1	100	20	20	28	0	5061
0	job141	1	100	20	20	28	0	5061
0	job142	1	100	20	20	28	0	5062
0	job143	1	100	20	20	28	0	5062
0	job144	1	100	20	20	28	0	5063
5	job145	1	100	28	28	40	66760	5064
0	job146	1	100	20	20	28	0	5064
0	job147	1	100	20	20	28	0	5066
0	job148	1	100	20	20	28	0	5070
0	job149	1	100	20	20	28	0	5098
0	job150	1	100	20	20	28	0	5108
0	job151	1	100	20	20	28	0	5115
0	job152	1	100	20	20	28	0	5138
0	job153	1	100	20	20	28	0	5148
0	job154	1	100	20	20	28	0	5154
0	job155	1	100	20	20	28	0	5162
0	job156	1	100	20	20	28	0	5162
0	job157	1	100	20	20	28	0	5212
0	job158	1	100	20	20	28	0	5222
0	job159	1	100	20	20	28	0	5222
0	job160	1	100	20	20	28	0	5239
0	job161	1	100	20	20	28	0	5253
0	job162	1	100	20	20	28	0	5267
0	job163	1	100	20	20	28	0	5268
0	job164	1	100	20	20	28	0	5290
0	job165	1	100	20	20	28	0	5311
0	job166	1	100	20	20	28	0	5342
0	job167	1	100	20	20	28	0	5343
0	job168	1	100	20	20	28	0	5362
0	job169	1	100	20	20	28	0	5383
0	job170	1	100	20	20	28	0	5420
0	job171	1	100	20	20	28	0	5441
0	job172	1	100	20	20	28	0	5483
0	job173	1	100	20	20	28	0	5484
0	job174	1	100	20	20	28	0	5485
0	job175	1	100	20	20	28	0	5528
1	job176	1	100	6079	6079	8753	0	5534
0	job177	1	100	20	20	28	0	5563
0	job178	1	100	20	20	28	0	5600
0	job179	1	100	20	20	28	0	5631
0	job180	1	100	20	20	28	0	5636
0	job181	1	100	20	20	28	0	5697
0	job182	1	100	20	20	28	0	5745
0	job183	1	100	20	20	28	0	5839
0	job184	1	100	20	20	28	0	5926
0	job185	1	100	20	20	28	0	5960
0	job186	1	100	20	20	28	0	5960
0	job187	1	100	20	20	28	0	6004
0	job188	1	100	20	20	28	0	6019
0	job189	1	100	20	20	28	0	6032
0	job190	1	100	20	20	28	0	6166
0	job191	1	100	20	20	28	0	6270
0	job192	1	100	20	20	28	0	6282
0	job193	1	100	20	20	28	0	6284
0	job194	1	100	20	20	28	0	6287
0	job195	1	100	20	20	28	0	6335
0	job196	1	100	20	20	28	0	6459
1	job197	1	100	6079	6079	8753	0	6487
1	job198	1	100	6079	6079	8753	0	6594
0	job199	1	100	20	20	28	0	6633
0	job200	1	100	20	20	28	0	6640
0	job201	1	100	20	20	28	0	6650
0	job202	1	100	20	20	28	0	6673
0	job203	1	100	20	20	28	0	6702
0	job204	1	100	20	20	28	0	6815
0	job205	1	100	20	20	28	0	6823
6	job206	1	100	11	11	15	76736	6836
0	job207	1	100	20	20	28	0	6853
0	job208	1	100	20	20	28	0	6854
0	job209	1	100	20	20	28	0	6861
0	job210	1	100	20	20	28	0	6861
0	job211	1	100	20	20	28	0	6862
0	job212	1	100	20	20	28	0	6862
0	job213	1	100	20	20	28	0	6904
0	job214	1	100	20	20	28	0	6926
0	job215	1	100	20	20	28	0	6931
0	job216	1	100	20	20	28	0	6943
0	job217	1	100	20	20	28	0	6980
0	job218	1	100	20	20	28	0	6981
0	job219	1	100	20	20	28	0	6995
0	job220	1	100	20	20	28	0	7001
0	job221	1	100	20	20	28	0	7016
0	job222	1	100	20	20	28	0	7016
0	job223	1	100	20	20	28	0	7032
0	job224	1	100	20	20	28	0	7038
5	job225	1	100	28	28	40	66760	7039
0	job226	1	100	20	20	28	0	7054
0	job227	1	100	20	20	28	0	7054
0	job228	1	100	20	20	28	0	7078
0	job229	1	100	20	20	28	0	7099
0	job230	1	100	20	20	28	0	7102
0	job231	1	100	20	20	28	0	7132
1	job232	1	100	6079	6079	8753	0	7149
0	job233	1	100	20	20	28	0	7156
1	job234	1	100	6079	6079	8753	0	7158
0	job235	1	100	20	20	28	0	7166
0	job236	1	100	20	20	28	0	7183
0	job237	1	100	20	20	28	0	7186
0	job238	1	100	20	20	28	0	7187
0	job239	1	100	20	20	28	0	7208
0	job240	1	100	20	20	28	0	7216
0	job241	1	100	20	20	28	0	7221
0	job242	1	100	20	20	28	0	7267
0	job243	1	100	20	20	28	0	7284
0	job244	1	100	20	20	28	0	7288
0	job245	1	100	20	20	28	0	7295
1	job246	1	100	6079	6079	8753	0	7301
0	job247	1	100	20	20	28	0	7310
0	job248	1	100	20	20	28	0	7315
0	job249	1	100	20	20	28	0	7319
0	job250	1	100	20	20	28	0	7348
0	job251	1	100	20	20	28	0	7362
0	job252	1	100	20	20	28	0	7368
0	job253	1	100	20	20	28	0	7371
0	job254	1	100	20	20	28	0	7374
0	job255	1	100	20	20	28	0	7384
0	job256	1	100	20	20	28	0	7391
0	job257	1	100	20	20	28	0	7398
0	job258	1	100	20	20	28	0	7436
0	job259	1	100	20	20	28	0	7442
0	job260	1	100	20	20	28	0	7460
0	job261	1	100	20	20	28	0	7508
0	job262	1	100	20	20	28	0	7536
0	job263	1	100	20	20	28	0	7621
0	job264	1	100	20	20	28	0	7622
0	job265	1	100	20	20	28	0	7623
0	job266	1	100	20	20	28	0	7623
0	job267	1	100	20	20	28	0	7624
0	job268	1	100	20	20	28	0	7658
0	job269	1	100	20	20	28	0	7663
0	job270	1	100	20	20	28	0	7714
0	job271	1	100	20	20	28	0	7760
0	job272	1	100	20	20	28	0	7771
0	job273	1	100	20	20	28	0	7796
0	job274	1	100	20	20	28	0	7825
0	job275	1	100	20	20	28	0	7872
0	job276	1	100	20	20	28	0	7879
0	job277	1	100	20	20	28	0	7929
0	job278	1	100	20	20	28	0	8020
0	job279	1	100	20	20	28	0	8021
0	job280	1	100	20	20	28	0	8035
0	job281	1	100	20	20	28	0	8037
0	job282	1	100	20	20	28	0	8090
0	job283	1	100	20	20	28	0	8093
0	job284	1	100	20	20	28	0	8136
0	job285	1	100	20	20	28	0	8155
0	job286	1	100	20	20	28	0	8178
0	job287	1	100	20	20	28	0	8179
0	job288	1	100	20	20	28	0	8205
0	job289	1	100	20	20	28	0	8215
0	job290	1	100	20	20	28	0	8216
0	job291	1	100	20	20	28	0	8216
0	job292	1	100	20	20	28	0	8217
0	job293	1	100	20	20	28	0	8218
0	job294	1	100	20	20	28	0	8237
0	job295	1	100	20	20	28	0	8242
0	job296	1	100	20	20	28	0	8261
1	job297	1	100	6079	6079	8753	0	8281
0	job298	1	100	20	20	28	0	8281
0	job299	1	100	20	20	28	0	8286
0	job300	1	100	20	20	28	0	8306
0	job301	1	100	20	20	28	0	8324
0	job302	1	100	20	20	28	0	8327
0	job303	1	100	20	20	28	0	8339
0	job304	1	100	20	20	28	0	8346
0	job305	1	100	20	20	28	0	8351
0	job306	1	100	20	20	28	0	8352
0	job307	1	100	20	20	28	0	8358
0	job308	1	100	20	20	28	0	8367
0	job309	1	100	20	20	28	0	8383
0	job310	1	100	20	20	28	0	8385
3	job311	1	100	66657	66657	95986	0	8405
0	job312	1	100	20	20	28	0	8415
0	job313	1	100	20	20	28	0	8425
0	job314	1	100	20	20	28	0	8481
0	job315	1	100	20	20	28	0	8515
1	job316	1	100	6079	6079	8753	0	8534
0	job317	1	100	20	20	28	0	8562
0	job318	1	100	20	20	28	0	8565
0	job319	1	100	20	20	28	0	8566
0	job320	1	100	20	20	28	0	8571
0	job321	1	100	20	20	28	0	8582
5	job322	1	100	28	28	40	66760	8638
0	job323	1	100	20	20	28	0	8638
0	job324	1	100	20	20	28	0	8640
0	job325	1	100	20	20	28	0	8645
0	job326	1	100	20	20	28	0	8711
0	job327	1	100	20	20	28	0	8740
0	job328	1	100	20	20	28	0	8749
0	job329	1	100	20	20	28	0	8751
0	job330	1	100	20	20	28	0	8765
0	job331	1	100	20	20	28	0	8806
0	job332	1	100	20	20	28	0	8815
0	job333	1	100	20	20	28	0	8876
0	job334	1	100	20	20	28	0	8878
0	job335	1	100	20	20	28	0	8886
0	job336	1	100	20	20	28	0	8930
0	job337	1	100	20	20	28	0	8955
0	job338	1	100	20	20	28	0	8972
1	job339	1	100	6079	6079	8753	0	8995
0	job340	1	100	20	20	28	0	9052
0	job341	1	100	20	20	28	0	9075
1	job342	1	100	6079	6079	8753	0	9079
0	job343	1	100	20	20	28	0	9084
0	job344	1	100	20	20	28	0	9115
0	job345	1	100	20	20	28	0	9137
0	job346	1	100	20	20	28	0	9151
0	job347	1	100	20	20	28	0	9212
0	job348	1	100	20	20	28	0	9259
0	job349	1	100	20	20	28	0	9318
0	job350	1	100	20	20	28	0	9333
0	job351	1	100	20	20	28	0	9361
0	job352	1	100	20	20	28	0	9458
0	job353	1	100	20	20	28	0	9459
0	job354	1	100	20	20	28	0	9535
0	job355	1	100	20	20	28	0	9574
0	job356	1	100	20	20	28	0	9602
0	job357	1	100	20	20	28	0	9609
0	job358	1	100	20	20	28	0	9672
0	job359	1	100	20	20	28	0	9682
0	job360	1	100	20	20	28	0	9686
0	job361	1	100	20	20	28	0	9693
0	job362	1	100	20	20	28	0	9694
0	job363	1	100	20	20	28	0	9703
0	job364	1	100	20	20	28	0	9730
0	job365	1	100	20	20	28	0	9737
0	job366	1	100	20	20	28	0	9746
0	job367	1	100	20	20	28	0	9796
0	job368	1	100	20	20	28	0	9841
0	job369	1	100	20	20	28	0	9966
0	job370	1	100	20	20	28	0	9970
0	job371	1	100	20	20	28	0	9977
0	job372	1	100	20	20	28	0	10001
0	job373	1	100	20	20	28	0	10016
0	job374	1	100	20	20	28	0	10016
0	job375	1	100	20	20	28	0	10017
0	job376	1	100	20	20	28	0	10018
0	job377	1	100	20	20	28	0	10018
0	job378	1	100	20	20	28	0	10019
0	job379	1	100	20	20	28	0	10019
0	job380	1	100	20	20	28	0	10020
0	job381	1	100	20	20	28	0	10048
0	job382	1	100	20	20	28	0	10067
0	job383	1	100	20	20	28	0	10072
0	job384	1	100	20	20	28	0	10075
0	job385	1	100	20	20	28	0	10079
0	job386	1	100	20	20	28	0	10082
0	job387	1	100	20	20	28	0	10089
0	job388	1	100	20	20	28	0	10096
0	job389	1	100	20	20	28	0	10159
0	job390	1	100	20	20	28	0	10190
0	job391	1	100	20	20	28	0	10202
0	job392	1	100	20	20	28	0	10203
0	job393	1	100	20	20	28	0	10217
0	job394	1	100	20	20	28	0	10220
0	job395	1	100	20	20	28	0	10233
0	job396	1	100	20	20	28	0	10252
0	job397	1	100	20	20	28	0	10269
0	job398	1	100	20	20	28	0	10288
0	job399	1	100	20	20	28	0	10299
0	job400	1	100	20	20	28	0	10308
0	job401	1	100	20	20	28	0	10310
0	job402	1	100	20	20	28	0	10320
0	job403	1	100	20	20	28	0	10327
0	job404	1	100	20	20	28	0	10333
0	job405	1	100	20	20	28	0	10340
0	job406	1	100	20	20	28	0	10347
0	job407	1	100	20	20	28	0	10352
0	job408	1	100	20	20	28	0	10379
0	job409	1	100	20	20	28	0	10392
0	job410	1	100	20	20	28	0	10399
0	job411	1	100	20	20	28	0	10420
0	job412	1	100	20	20	28	0	10456
0	job413	1	100	20	20	28	0	10470
0	job414	1	100	20	20	28	0	10480
0	job415	1	100	20	20	28	0	10524
0	job416	1	100	20	20	28	0	10543
0	job417	1	100	20	20	28	0	10558
0	job418	1	100	20	20	28	0	10571
0	job419	1	100	20	20	28	0	10578
0	job420	1	100	20	20	28	0	10588
0	job421	1	100	20	20	28	0	10595
0	job422	1	100	20	20	28	0	10604
0	job423	1	100	20	20	28	0	10618
0	job424	1	100	20	20	28	0	10634
0	job425	1	100	20	20	28	0	10659
0	job426	1	100	20	20	28	0	10678
0	job427	1	100	20	20	28	0	10688
0	job428	1	100	20	20	28	0	10690
0	job429	1	100	20	20	28	0	10707
0	job430	1	100	20	20	28	0	10719
0	job431	1	100	20	20	28	0	10725
0	job432	1	100	20	20	28	0	10739
0	job433	1	100	20	20	28	0	10754
0	job434	1	100	20	20	28	0	10759
1	job435	1	100	6079	6079	8753	0	10774
0	job436	1	100	20	20	28	0	10779
0	job437	1	100	20	20	28	0	10787
0	job438	1	100	20	20	28	0	10800
0	job439	1	100	20	20	28	0	10809
0	job440	1	100	20	20	28	0	10817
0	job441	1	100	20	20	28	0	10833
5	job442	1	100	28	28	40	66760	10835
0	job443	1	100	20	20	28	0	10857
0	job444	1	100	20	20	28	0	10863
0	job445	1	100	20	20	28	0	10869
0	job446	1	100	20	20	28	0	10885
0	job447	1	100	20	20	28	0	10885
0	job448	1	100	20	20	28	0	10904
0	job449	1	100	20	20	28	0	10911
0	job450	1	100	20	20	28	0	10919
0	job451	1	100	20	20	28	0	10922
0	job452	1	100	20	20	28	0	10923
0	job453	1	100	20	20	28	0	10930
0	job454	1	100	20	20	28	0	10942
0	job455	1	100	20	20	28	0	10978
0	job456	1	100	20	20	28	0	10989
0	job457	1	100	20	20	28	0	10996
0	job458	1	100	20	20	28	0	11006
0	job459	1	100	20	20	28	0	11013
0	job460	1	100	20	20	28	0	11081
0	job461	1	100	20	20	28	0	11214
0	job462	1	100	20	20	28	0	11346
0	job463	1	100	20	20	28	0	11400
0	job464	1	100	20	20	28	0	11424
0	job465	1	100	20	20	28	0	11517
0	job466	1	100	20	20	28	0	11519
0	job467	1	100	20	20	28	0	11536
0	job468	1	100	20	20	28	0	11607
0	job469	1	100	20	20	28	0	11659
0	job470	1	100	20	20	28	0	11672
1	job471	1	100	6079	6079	8753	0	11724
0	job472	1	100	20	20	28	0	11753
0	job473	1	100	20	20	28	0	11763
0	job474	1	100	20	20	28	0	11814
0	job475	1	100	20	20	28	0	11815
0	job476	1	100	20	20	28	0	11822
0	job477	1	100	20	20	28	0	11826
0	job478	1	100	20	20	28	0	11832
0	job479	1	100	20	20	28	0	11965
0	job480	1	100	20	20	28	0	11981
0	job481	1	100	20	20	28	0	12116
0	job482	1	100	20	20	28	0	12183
0	job483	1	100	20	20	28	0	12200
0	job484	1	100	20	20	28	0	12222
0	job485	1	100	20	20	28	0	12237
0	job486	1	100	20	20	28	0	12243
0	job487	1	100	20	20	28	0	12261
0	job488	1	100	20	20	28	0	12290
0	job489	1	100	20	20	28	0	12310
0	job490	1	100	20	20	28	0	12364
0	job491	1	100	20	20	28	0	12374
0	job492	1	100	20	20	28	0	12393
1	job493	1	100	6079	6079	8753	0	12400
1	job494	1	100	6079	6079	8753	0	12408
0	job495	1	100	20	20	28	0	12412
0	job496	1	100	20	20	28	0	12413
0	job497	1	100	20	20	28	0	12414
-1
